35.073786848072565
36.03517006802721
36.99791383219954
39.87843537414966
40.83734693877551
43.714285714285715
44.67734693877551
46.59891156462585
49.47845804988662
51.394399092970524
52.359591836734694
57.15888888888889
58.11705215419501
59.07648526077097
60.03888888888889
63.87419501133787
115.71460317460317
116.67818594104308
117.63852607709751
119.56
121.47659863945579
123.3950566893424
126.27634920634921
130.11954648526077
132.03843537414966
132.99671201814058
135.8775283446712
137.79696145124717
140.67938775510203
141.63755102040815
144.51643990929705
