0.0
4.436621315192744
12.43673469387755
17.769886621315194
19.995238095238093
24.88299319727891
26.21360544217687
27.994807256235827
31.993877551020407
32.44267573696145
32.88297052154195
33.77301587301587
34.21650793650794
34.661473922902495
35.110022675736964
35.55092970521542
35.995986394557825
36.436462585034015
37.32780045351474
37.77224489795918
38.215646258503405
38.667573696145126
39.10526077097506
39.550113378684806
39.99684807256236
40.88192743764172
41.32607709750567
41.77401360544218
42.218208616780046
42.65775510204082
43.10818594104308
43.54959183673469
43.99659863945578
44.43675736961451
44.88507936507936
45.32877551020408
45.777074829931976
46.21374149659864
46.66344671201814
47.10503401360544
47.99609977324263
48.43895691609978
48.8846485260771
49.33024943310657
49.7724716553288
50.21764172335601
50.65773242630385
51.109478458049885
51.54943310657596
51.9947619047619
52.43916099773243
52.88956916099773
53.32748299319728
53.772448979591836
54.21734693877551
55.10306122448979
55.54884353741497
55.99537414965987
56.439478458049884
56.87990929705215
57.32945578231293
57.7718820861678
58.65795918367347
59.109410430839006
59.549795918367344
59.998117913832196
60.8853514739229
61.327619047619045
62.21705215419501
62.66151927437642
63.10310657596372
63.549886621315196
63.99573696145125
64.44038548752835
64.8807029478458
65.77208616780045
66.21664399092971
66.65984126984127
66.89126984126985
67.11070294784581
67.55201814058957
68.88136054421769
70.66233560090703
