3.8771655328798187
4.119047619047619
4.356281179138322
4.593356009070295
4.840634920634921
5.075283446712018
5.314943310657596
5.5528571428571425
5.795827664399093
6.040204081632653
6.274149659863945
6.515510204081632
6.758526077097506
6.9950793650793655
7.2359183673469385
7.47766439909297
7.712607709750567
7.9583219954648525
8.197097505668934
8.434671201814059
8.679614512471655
8.919183673469387
9.154489795918368
9.39501133786848
9.636689342403628
9.880612244897959
10.115714285714287
10.355170068027212
10.596984126984127
10.836077097505669
11.077006802721089
11.313968253968254
11.555102040816326
11.797233560090703
12.035238095238094
12.274693877551021
12.513696145124717
12.756213151927438
12.874285714285714
13.236643990929705
13.47455782312925
14.195873015873016
14.435759637188209
14.677596371882085
14.796213151927438
15.036326530612245
15.393877551020408
15.63328798185941
16.11517006802721
16.355056689342405
16.594784580498867
16.714126984126985
17.07358276643991
17.31498866213152
17.554081632653062
18.03371882086168
18.27675736961451
18.513764172335602
18.873061224489796
18.993809523809524
19.234308390022676
19.711473922902496
19.958956916099773
20.19607709750567
20.553401360544218
20.67655328798186
21.155510204081633
21.63625850340136
21.877573696145124
22.11471655328798
22.3559410430839
22.47231292517007
22.600113378684807
23.07439909297052
23.315736961451247
23.55360544217687
23.798390022675736
24.036349206349207
24.394081632653062
24.519909297052155
24.75734693877551
24.997233560090702
25.238072562358276
25.474807256235827
25.95501133786848
26.19519274376417
26.43546485260771
26.91469387755102
27.394149659863945
27.874897959183674
28.232585034013606
28.352086167800454
28.834013605442177
29.315759637188208
29.557074829931974
29.796689342403628
30.036213151927438
30.155578231292516
30.27907029478458
30.75480725623583
30.993356009070293
31.234285714285715
31.714603174603173
32.07458049886621
32.198820861678
32.436961451247164
32.67492063492063
33.1537641723356
33.6369387755102
33.876825396825396
34.1159410430839
34.59439909297052
35.074444444444445
35.31875283446712
35.55451247165533
35.91439909297052
36.03639455782313
36.516281179138325
36.99548752834467
37.23968253968254
37.47238095238095
37.709659863945575
37.83446712018141
37.95863945578231
38.4353514739229
38.67709750566893
38.91562358276644
39.15684807256236
39.39541950113379
39.75421768707483
39.879455782312924
40.35589569160998
40.59460317460317
40.836235827664396
41.07791383219955
41.314739229024944
41.554761904761904
41.79766439909297
42.27718820861678
42.75609977324263
43.23526077097506
43.59083900226757
43.713356009070296
44.19387755102041
44.676213151927435
44.91609977324263
45.154104308390025
45.51544217687075
45.64020408163265
46.11578231292517
46.35517006802721
46.59580498866213
46.83795918367347
47.07138321995465
47.431927437641725
47.55798185941043
47.79666666666667
48.03512471655329
48.275079365079364
48.51360544217687
48.75730158730159
48.9940589569161
49.23140589569161
49.47789115646258
49.956870748299316
50.436031746031745
50.67852607709751
50.91412698412699
51.27333333333333
51.39678004535148
51.87575963718821
52.35589569160998
52.59918367346939
52.83315192743764
53.193061224489796
53.31845804988662
53.678390022675735
53.795804988662134
54.03689342403628
54.2747619047619
54.51655328798186
54.75589569160998
55.115873015873014
55.23925170068027
55.714716553287985
55.9540589569161
56.19575963718821
56.438820861678
56.67399092970521
56.91517006802721
57.03294784580499
57.157981859410434
57.63480725623583
58.116077097505666
58.35945578231293
58.594467120181406
58.8318820861678
58.95224489795918
59.074126984126984
59.553650793650796
60.03793650793651
60.27700680272109
60.51335600907029
60.87403628117914
61.00086167800453
61.47566893424036
61.71541950113379
61.95451247165533
62.433514739229025
62.67278911564626
62.79303854875283
62.91863945578231
63.15816326530612
63.39650793650794
63.634965986394555
63.87424036281179
64.35371882086167
64.58854875283447
64.83727891156462
65.31356009070295
65.79854875283446
66.27215419501134
66.75682539682539
66.99321995464852
67.47104308390023
67.71768707482993
68.43360544217687
68.67730158730159
69.15485260770976
69.51378684807256
69.63845804988662
70.11224489795919
70.47541950113379
70.5980045351474
70.83492063492064
71.07630385487528
71.31387755102041
71.5578231292517
72.51755102040816
72.7515873015873
72.99140589569161
73.47845804988663
73.9550566893424
74.43705215419502
74.67272108843538
74.91655328798186
75.1533560090703
75.39873015873016
75.63621315192744
76.11238095238095
76.35446712018141
76.83734693877551
77.31938775510204
77.79095238095238
78.27802721088436
78.51213151927438
78.75569160997732
78.99399092970522
79.23684807256235
79.47934240362812
80.19614512471655
80.43444444444444
80.67224489795919
92.19680272108843
92.91503401360544
93.15442176870748
93.51351473922902
93.8740589569161
94.11562358276645
94.83548752834467
95.07580498866213
95.43587301587301
95.6770068027211
96.03455782312925
96.27428571428571
96.75410430839003
96.99414965986395
97.35532879818594
97.71467120181406
97.95507936507937
98.1974149659864
98.6744671201814
98.91612244897959
99.15662131519274
99.87446712018141
100.3514739229025
100.8361224489796
101.1938775510204
101.31746031746032
101.79630385487529
102.27598639455782
102.75517006802721
102.99714285714286
103.11396825396825
103.23859410430839
103.71637188208616
103.95297052154196
104.19380952380952
104.43714285714286
104.6756462585034
105.03578231292516
105.15934240362812
105.39680272108843
105.63353741496599
106.11315192743764
106.5950566893424
106.83421768707483
107.07530612244898
107.55517006802721
108.03455782312925
108.27916099773243
108.5155328798186
108.87192743764173
108.99072562358276
109.47455782312925
109.95519274376417
110.1987074829932
110.43428571428572
110.67678004535148
110.79673469387755
110.9218820861678
111.39464852607709
111.63437641723355
111.87272108843537
112.11678004535148
112.35539682539682
112.71512471655329
112.83886621315193
113.0750566893424
113.3165306122449
113.55396825396825
113.79439909297052
114.27551020408163
114.75786848072562
115.23541950113379
115.71598639455782
115.95827664399093
116.19433106575964
116.42961451247166
116.55396825396825
116.6770068027211
117.15589569160997
117.6356462585034
117.87807256235827
118.11319727891157
118.35374149659864
118.4733560090703
118.59809523809524
118.95707482993197
119.07791383219954
119.31580498866214
119.55712018140589
119.80024943310657
120.03310657596371
120.27106575963718
120.39428571428572
120.52022675736961
120.75682539682539
120.99532879818594
121.23471655328798
121.4766439909297
121.71666666666667
121.9550566893424
122.1933560090703
122.3141723356009
122.43648526077098
122.9156462585034
123.39659863945579
123.63766439909297
123.87331065759638
124.23392290249433
124.3543537414966
124.83557823129252
125.31825396825397
125.55698412698413
125.79532879818593
126.02891156462584
126.15378684807256
126.27938775510204
126.63596371882086
126.75514739229025
126.99541950113378
127.23553287981859
127.47501133786848
127.71412698412698
128.07485260770974
128.1975963718821
128.43643990929706
128.67768707482992
128.91410430839002
129.1557596371882
129.39875283446713
129.63380952380953
129.87160997732425
130.1177551020408
130.5970068027211
131.07630385487528
131.3187074829932
131.55414965986395
131.91342403628119
132.0381632653061
132.51650793650794
132.9965759637188
133.23904761904762
133.474126984127
133.71249433106576
133.83360544217686
133.95761904761906
134.31798185941042
134.43621315192743
134.6757596371882
134.91637188208617
135.15732426303856
135.39444444444445
135.75414965986394
135.88068027210883
136.1183446712018
136.35646258503402
136.59585034013605
136.83596371882086
137.31510204081633
137.55430839002267
137.7971201814059
138.27637188208618
138.75587301587302
139.23410430839002
139.59102040816327
139.7128798185941
140.19569160997733
140.67793650793652
140.91632653061225
141.15351473922902
141.51619047619047
141.64031746031745
142.1167573696145
142.35430839002268
142.59482993197278
142.8375283446712
143.07385487528344
143.43433106575964
143.55732426303854
143.79809523809524
144.03655328798186
144.2754648526077
144.51689342403628
144.75990929705216
144.9938775510204
145.23174603174604
145.47814058956916
145.9527664399093
146.43786848072563
146.9143990929705
147.39700680272108
147.63353741496599
148.11190476190475
148.35827664399093
149.31766439909296
150.27848072562358
150.6300453514739
150.75260770975058
151.23857142857142
151.47399092970522
151.7152380952381
151.95410430839001
152.19741496598638
152.4321088435374
152.9113605442177
153.15562358276645
153.39321995464852
153.63195011337868
154.11789115646258
154.47263038548752
154.59160997732425
155.07655328798185
155.3127664399093
155.5573015873016
155.7960090702948
156.03827664399094
156.27736961451248
156.99673469387756
157.9595238095238
158.43174603174603
158.9185260770975
159.15312925170068
159.39795918367346
159.63303854875284
159.87725623582767
160.8373015873016
