0.0
3.5514739229024945
3.993764172335601
4.225124716553288
4.435011337868481
4.569637188208617
4.78092970521542
4.8802947845804985
5.328911564625851
5.557641723356009
5.671519274376418
5.77108843537415
5.897732426303855
6.213106575963719
6.65718820861678
7.1052834467120185
7.54671201814059
7.779387755102041
7.989727891156463
8.123514739229025
8.33718820861678
8.438185941043084
8.881519274376418
9.226235827664398
9.32437641723356
9.451020408163265
9.768548752834468
10.21609977324263
10.657256235827665
11.100181405895691
11.33625850340136
11.55108843537415
11.680113378684807
11.893333333333333
11.993628117913833
12.434081632653061
12.668934240362812
12.783015873015874
12.879931972789116
13.010975056689343
13.328049886621315
13.769750566893425
14.211496598639457
14.657755102040817
14.894761904761905
15.103696145124717
15.23390022675737
15.448049886621316
15.546712018140589
15.990702947845804
16.340272108843536
16.438299319727893
16.56671201814059
16.881972789115647
17.323219954648525
17.773809523809526
18.00408163265306
18.116825396825398
18.217120181405896
18.347913832199545
18.658684807256236
18.784897959183674
18.889138321995464
19.101655328798184
19.552199546485262
19.670702947845804
19.782766439909295
19.893061224489795
19.99433106575964
20.12609977324263
20.435419501133786
20.55455782312925
20.66575963718821
20.782857142857143
20.88138321995465
21.11013605442177
21.329115646258504
21.445532879818593
21.56034013605442
21.672562358276643
21.77122448979592
21.901859410430838
22.212585034013607
22.329274376417235
22.443650793650793
22.662086167800453
23.10519274376417
23.227278911564625
23.33126984126984
23.447528344671202
23.547913832199548
23.683219954648525
23.99142857142857
24.11403628117914
24.22061224489796
24.43875283446712
24.665691609977323
24.880408163265304
25.23063492063492
25.32451247165533
25.45784580498866
25.771315192743764
25.894195011337867
26.001451247165534
26.11092970521542
26.215283446712018
26.441179138321996
26.657414965986394
26.891632653061226
27.008390022675737
27.105260770975057
27.236077097505667
27.55061224489796
27.663696145124717
27.77875283446712
27.99244897959184
28.22299319727891
28.43578231292517
28.553174603174604
28.66829931972789
28.882607709750566
29.116802721088437
29.325986394557823
29.446303854875282
29.67154195011338
29.77047619047619
30.213356009070296
30.339591836734694
30.441224489795918
30.5618820861678
30.6618820861678
30.793378684807255
31.10358276643991
31.545056689342402
31.993741496598638
32.44183673469388
32.56961451247165
32.87986394557823
33.10371882086168
33.22925170068027
33.54875283446712
33.65850340136054
33.77215419501134
33.88820861678005
34.00598639455782
34.11671201814059
34.21780045351474
34.660272108843536
34.89283446712018
35.10791383219954
35.32655328798186
35.4362358276644
35.5468253968254
35.665668934240365
35.78310657596372
35.89993197278912
35.9959410430839
36.11816326530612
36.435532879818595
36.66124716553288
36.78575963718821
37.10548752834467
37.213537414965984
37.324784580498864
37.44501133786848
37.558843537414965
37.67684807256236
37.77265306122449
37.89489795918367
38.219365079365076
38.45233560090703
38.67185941043084
39.10394557823129
39.33501133786848
39.45503401360544
39.549637188208614
39.678979591836736
39.88
39.99562358276644
40.218208616780046
40.33789115646258
40.660226757369614
40.76938775510204
40.87764172335601
41.00006802721089
41.11462585034013
41.22766439909297
41.32916099773242
41.7749433106576
42.004126984126984
42.215215419501135
42.437006802721086
42.65537414965986
42.77634920634921
42.894013605442176
43.010498866213155
43.1081179138322
43.227868480725625
43.43585034013606
43.547596371882086
43.77235827664399
43.89678004535148
44.327732426303854
44.433628117913834
44.55789115646259
44.669002267573696
44.78467120181406
44.88657596371882
45.00818594104308
45.213469387755104
45.323514739229026
45.5609977324263
45.77755102040816
46.21421768707483
46.4509977324263
46.567687074829934
46.66482993197279
46.7897052154195
47.10031746031746
47.3262358276644
47.452403628117914
47.76816326530612
47.88108843537415
47.992539682539686
48.11172335600907
48.22904761904762
48.340544217687075
48.43959183673469
48.882448979591835
49.11467120181406
49.33013605442177
49.550045351473926
49.65848072562358
49.76963718820862
49.88641723356009
50.005646258503404
50.12242630385487
50.218321995464855
50.34274376417233
50.55106575963719
50.65621315192744
50.77809523809524
50.88378684807256
51.00884353741497
51.32718820861678
51.43544217687075
51.545691609977325
51.668344671201815
51.7824716553288
51.897551020408166
51.99573696145125
52.12013605442177
52.32891156462585
52.43965986394558
52.674784580498866
52.89433106575964
53.326462585034015
53.558027210884354
53.67766439909297
53.774149659863944
53.89984126984127
54.218049886621316
54.44031746031746
54.5608843537415
54.882063492063494
54.9949433106576
55.099274376417235
55.221224489795915
55.33582766439909
55.45077097505669
55.5497052154195
55.99541950113379
56.224875283446714
56.43834467120181
56.65866213151927
56.87800453514739
56.9955328798186
57.1150566893424
57.229138321995464
57.32997732426304
57.44827664399093
57.65775510204082
57.77156462585034
57.994285714285716
58.11807256235828
58.435804988662134
58.549024943310656
58.6575283446712
58.77505668934241
58.890362811791384
59.00736961451247
59.108276643990926
59.22734693877551
59.43687074829932
59.54741496598639
59.78154195011338
60.00004535147392
60.437006802721086
60.67814058956916
60.79235827664399
60.88696145124717
61.016621315192744
61.3268253968254
61.67650793650794
62.21727891156463
62.451791383219955
62.566984126984124
62.66192743764172
63.10433106575964
63.34090702947846
63.553560090702945
63.77766439909297
63.993696145124716
64.11122448979592
64.22956916099773
64.34501133786848
64.44056689342403
64.56353741496599
64.88124716553288
65.00344671201815
65.11419501133787
65.23616780045352
65.44927437641724
65.56043083900227
65.66927437641723
65.7695238095238
65.89179138321995
66.00759637188209
66.120589569161
66.21834467120182
66.34179138321996
66.55614512471655
66.66453514739229
66.78333333333333
66.8981179138322
67.11219954648526
67.55233560090703
68.33108843537416
68.44052154195012
68.56006802721089
68.66866213151927
68.77698412698413
68.8820634920635
69.10943310657596
69.32535147392291
69.4457596371882
69.66498866213152
69.769410430839
70.10521541950114
70.2172335600907
70.32934240362812
70.44195011337868
70.55607709750566
70.65909297052154
70.88231292517007
71.10043083900227
71.2195918367347
71.33276643990929
71.43897959183674
71.55133786848073
71.76541950113379
71.87857142857143
71.9929931972789
72.10712018140589
72.22036281179139
72.32997732426304
72.4356462585034
72.65861678004535
72.7720634920635
72.87814058956916
73.00299319727891
73.10866213151927
73.32854875283446
73.76891156462585
73.88893424036281
73.99503401360545
74.2107029478458
74.43419501133786
