0.0
3.5480498866213153
3.9951473922902494
4.437233560090703
5.325056689342404
7.105396825396825
7.547732426303855
10.217777777777778
10.659206349206348
11.102312925170068
11.548503401360545
13.770839002267573
24.883492063492064
26.214308390022676
26.65997732426304
27.99517006802721
29.327845804988662
31.993514739229024
32.441473922902496
32.88219954648526
33.770272108843535
34.21666666666667
34.65968253968254
35.1062358276644
35.55047619047619
35.77383219954648
35.99700680272109
36.43598639455782
37.32582766439909
37.770045351473925
38.21780045351474
38.6684126984127
39.10458049886621
39.32981859410431
39.54843537414966
39.9953514739229
40.335736961451246
40.881473922902494
41.32716553287982
41.77290249433106
42.21861678004535
42.65981859410431
43.10698412698413
43.550884353741495
43.99639455782313
44.43648526077097
44.88421768707483
45.32875283446712
45.77439909297052
46.21408163265306
46.66374149659864
47.10410430839002
47.994784580498866
48.44027210884354
48.88142857142857
49.33074829931973
49.773968253968256
50.21750566893424
50.65916099773243
51.11126984126984
51.54986394557823
51.9949433106576
52.43866213151927
52.668684807256234
52.88936507936508
53.32702947845805
53.773151927437645
54.21850340136054
54.66301587301587
55.10390022675737
55.54877551020408
55.99596371882086
56.43922902494331
56.87984126984127
57.3278231292517
57.769773242630386
58.65614512471655
59.10922902494331
59.54931972789116
59.9975283446712
60.886167800453514
61.3291156462585
62.21684807256236
62.66233560090703
63.102925170068026
63.552290249433106
63.99655328798186
64.44095238095238
64.88199546485261
65.77235827664398
66.2177097505669
66.659410430839
67.11113378684807
67.5517006802721
70.66049886621315
71.10131519274377
71.99251700680271
72.4385941043084
72.88
73.77163265306122
74.21426303854875
