0.0
4.436213151927437
8.88344671201814
17.771043083900228
24.881337868480724
31.992902494331066
32.442743764172334
32.88251700680272
33.7737641723356
34.216961451247165
34.65950113378685
35.108163265306125
35.551043083900225
35.9959410430839
36.4362358276644
37.32718820861678
37.770861678004536
38.216530612244895
38.66716553287982
39.10444444444445
39.546961451247164
39.996054421768704
40.8815873015873
41.326031746031745
41.77362811791383
42.21834467120181
42.65800453514739
43.106485260770974
43.55108843537415
43.994399092970525
44.43573696145125
44.88732426303855
45.32732426303855
45.7734693877551
46.664149659863945
47.10410430839002
47.99541950113379
48.43866213151927
48.881791383219955
49.331428571428575
49.772222222222226
50.21861678004535
50.65848072562358
51.54947845804989
51.99455782312925
52.4368253968254
52.88913832199547
53.326848072562356
53.771904761904764
55.10356009070295
55.54784580498866
55.99482993197279
56.43839002267574
56.87931972789116
57.771292517006806
58.656893424036284
59.109160997732424
59.549183673469386
59.99578231292517
60.887845804988665
61.32759637188209
62.21793650793651
62.66303854875284
63.54986394557823
63.996213151927435
64.4402947845805
64.88083900226758
65.7721768707483
66.21614512471655
66.65943310657596
67.11070294784581
67.54925170068027
