0.02689342403628118
15.405578231292518
19.234784580498868
20.674943310657596
20.91496598639456
21.15360544217687
21.274489795918367
21.39265306122449
21.63578231292517
22.113310657596372
22.3621768707483
23.075442176870748
24.51467120181406
24.875260770975057
25.236757369614512
25.475895691609978
25.95596371882086
26.43120181405896
26.673015873015874
26.91607709750567
28.115555555555556
28.349909297052154
28.83439909297052
28.95185941043084
29.077936507936506
29.194104308390024
29.315850340136056
29.55356009070295
29.794920634920636
29.913310657596373
30.040861678004536
30.758639455782312
32.19419501133787
32.43421768707483
32.67639455782313
32.91462585034014
33.1581179138322
34.11725623582767
34.59369614512472
35.0762358276644
35.319410430839
36.03619047619048
36.390748299319725
36.52160997732426
36.99666666666667
37.24049886621315
37.957732426303856
38.43530612244898
38.915396825396826
39.162675736961454
39.876938775510204
40.59269841269841
40.83927437641724
41.19077097505669
41.31859410430839
41.79551020408163
42.27600907029478
42.75469387755102
43.713786848072566
44.19875283446712
44.67362811791383
45.63532879818594
46.1134693877551
46.59585034013605
46.84226757369615
47.557097505668935
48.27553287981859
48.5174149659864
48.9978231292517
49.23167800453515
49.4778231292517
49.95308390022676
50.4365306122449
51.396621315192746
51.881632653061224
52.35605442176871
53.31775510204081
53.795850340136056
54.27519274376417
55.236666666666665
55.95292517006803
56.20074829931973
57.15668934240363
57.63451247165533
58.11551020408163
58.362766439909294
59.07396825396825
59.560430839002265
60.03501133786848
60.27902494331066
60.99603174603175
61.47312925170068
61.95351473922903
62.92068027210885
63.63718820861678
63.87773242630386
64.358231292517
64.5940589569161
64.83804988662132
65.3137641723356
66.0340589569161
66.15142857142857
66.27689342403629
66.99857142857142
67.47106575963718
67.71596371882086
67.95748299319727
68.31056689342404
68.43498866213152
68.67650793650793
69.1545351473923
69.87399092970522
69.99401360544218
70.11798185941043
70.4812925170068
70.84154195011338
71.55768707482993
71.79632653061225
72.51521541950113
72.99625850340136
73.47496598639455
73.71585034013606
73.83213151927437
73.95891156462585
75.39598639455782
75.6426530612245
75.99077097505669
76.1159410430839
76.3560544217687
76.83498866213152
77.20231292517006
77.31614512471656
77.67324263038549
77.79664399092971
78.51995464852608
78.98884353741497
79.23657596371882
79.59056689342404
79.83233560090703
80.19827664399092
80.67734693877551
92.19603174603175
96.04283446712019
99.87555555555555
101.31730158730159
101.79204081632653
101.91265306122449
102.03469387755102
102.15229024943311
102.27798185941043
102.50968253968254
102.75544217687074
102.87170068027211
103.00090702947846
103.71757369614512
105.15630385487529
105.63560090702948
105.87637188208616
106.11278911564627
106.3520634920635
106.59390022675737
107.07253968253968
107.31521541950113
107.5540589569161
108.03925170068027
108.51503401360544
108.99160997732426
109.47526077097505
109.59204081632653
109.71408163265306
109.9559410430839
110.43371882086167
110.67809523809524
111.39414965986394
112.83698412698412
113.55419501133787
113.80020408163266
114.75936507936508
115.2354648526077
115.7147619047619
115.96210884353742
116.6767573696145
117.16242630385487
117.63637188208617
118.5949433106576
119.07414965986395
119.55569160997733
119.80074829931972
120.51732426303855
121.23433106575963
121.47600907029478
121.95759637188209
122.19331065759637
122.43596371882086
122.91414965986395
123.3975283446712
124.35340136054421
124.83993197278912
125.07249433106576
125.31478458049887
126.27696145124716
126.75430839002267
127.23496598639456
128.19786848072562
128.91396825396825
129.15764172335602
129.50873015873015
129.63725623582766
130.11793650793652
130.59582766439908
131.0758276643991
132.0362358276644
132.5221088435374
132.99632653061224
133.95480725623582
134.43514739229025
134.91462585034014
135.16238095238094
135.87716553287981
136.59437641723355
136.83780045351475
137.55285714285714
137.79519274376418
138.2722222222222
138.75863945578232
139.00210884353743
139.71362811791383
140.20074829931974
140.67455782312925
140.91918367346938
141.6363492063492
142.11403628117912
142.5952380952381
143.55886621315193
144.27569160997732
144.51804988662133
145.00231292517006
145.4786621315193
145.95433106575965
146.79108843537415
146.9178231292517
147.63979591836735
148.35730158730158
148.5977097505669
148.94920634920635
149.07573696145124
149.31539682539682
149.7952380952381
150.5167120181406
150.63349206349207
150.75648526077097
151.12517006802722
151.48034013605442
152.19725623582767
152.43897959183673
152.91022675736963
153.1545351473923
153.63353741496599
154.35126984126984
154.47408163265305
154.59761904761905
155.3147619047619
155.78907029478458
156.0345351473923
156.27802721088435
156.63083900226758
156.75392290249434
156.99721088435373
157.4733560090703
158.3125850340136
158.43780045351474
159.16061224489795
159.63036281179137
159.8773015873016
160.23034013605442
160.47664399092972
160.836462585034
