0.0
3.883469387755102
4.597233560090703
4.844716553287982
5.082244897959184
5.318072562358276
5.556145124716553
5.797891156462585
6.045691609977324
6.282312925170068
6.518321995464853
6.763310657596372
7.000952380952381
7.240770975056689
7.477755102040816
7.7175283446712015
7.9662131519274375
8.200385487528346
8.43532879818594
8.683356009070295
8.923129251700681
9.156734693877551
9.396167800453515
9.639274376417234
9.885555555555555
10.118140589569162
10.352222222222222
10.600657596371882
10.839455782312925
11.082471655328797
11.31562358276644
11.561065759637188
11.80297052154195
12.040045351473923
12.278684807256235
12.524149659863946
12.765192743764173
12.999863945578232
13.236031746031745
13.476530612244899
13.72609977324263
13.960680272108844
14.193061224489796
14.438480725623583
14.679365079365079
14.922766439909298
15.158253968253968
15.397120181405896
15.641156462585034
15.88156462585034
16.1181179138322
16.36421768707483
16.602222222222224
16.84095238095238
17.074172335600906
17.318662131519275
17.563492063492063
17.803356009070296
18.03562358276644
18.27986394557823
18.51997732426304
18.76
18.992811791383218
19.236031746031745
19.715986394557824
19.951609977324264
20.19609977324263
20.43589569160998
20.54995464852608
20.674603174603174
21.024784580498867
21.151587301587302
21.273696145124717
21.391156462585034
21.5121768707483
21.635986394557822
21.873083900226757
22.111768707482995
22.35730158730159
22.59766439909297
23.076326530612246
23.554897959183673
23.792380952380952
24.035963718820863
24.27011337868481
24.391133786848073
24.516938775510205
24.754308390022675
24.86768707482993
24.99077097505669
25.233333333333334
25.476598639455784
25.71278911564626
25.9537641723356
26.19451247165533
26.43408163265306
26.671609977324263
26.91734693877551
27.39671201814059
27.637074829931972
27.873038548752834
28.11281179138322
28.34938775510204
28.59063492063492
28.831020408163266
29.076780045351473
29.31392290249433
29.55328798185941
29.79528344671202
30.03578231292517
30.27482993197279
30.757460317460318
30.99297052154195
31.237165532879818
31.713151927437643
31.95498866213152
32.1950566893424
32.43136054421769
32.67326530612245
32.91578231292517
33.15344671201814
33.6387074829932
34.112743764172336
34.59401360544218
35.07834467120181
35.31684807256236
35.4302947845805
35.54959183673469
35.670204081632654
35.78943310657596
35.91160997732426
36.040408163265305
36.2727664399093
36.38628117913832
36.51816326530612
36.75190476190476
36.99639455782313
37.23793650793651
37.46709750566893
37.590045351473925
37.71136054421769
37.830566893424034
37.956213151927436
38.189569160997735
38.31625850340136
38.436848072562356
38.91766439909297
39.157596371882086
39.271179138322
39.388390022675736
39.51108843537415
39.62730158730159
39.75131519274377
39.87997732426304
40.350702947845804
40.5931746031746
40.83804988662131
41.19249433106576
41.31383219954648
41.43151927437642
41.55662131519274
41.79539682539683
42.029274376417234
42.27673469387755
42.75716553287982
42.999591836734695
43.2281179138322
43.35104308390023
43.46807256235827
43.589115646258506
43.716031746031746
43.95106575963719
44.19353741496599
44.43424036281179
44.67913832199547
44.91603174603175
45.14736961451247
45.26984126984127
45.39022675736962
45.51031746031746
45.64031746031746
45.870498866213154
45.993197278911566
46.11736961451247
46.597755102040814
46.84049886621315
47.068662131519275
47.19013605442177
47.310521541950116
47.42748299319728
47.55891156462585
48.03285714285714
48.277256235827664
48.51689342403628
48.75573696145125
48.87097505668934
48.99115646258503
49.10950113378685
49.23056689342403
49.34968253968254
49.47657596371882
49.95433106575964
50.43807256235828
50.6792970521542
50.79052154195011
50.90943310657596
51.03031746031746
51.148820861678004
51.27111111111111
51.400725623582765
51.63333333333333
51.74487528344671
51.87780045351474
52.11142857142857
52.35689342403628
52.597097505668934
52.8284126984127
52.950385487528344
53.07147392290249
53.19015873015873
53.317233560090706
53.550498866213154
53.676303854875286
53.796848072562355
54.27671201814059
54.51839002267574
54.74798185941043
54.86857142857143
54.9834693877551
55.11281179138322
55.236757369614516
55.71095238095238
55.95394557823129
56.19798185941043
56.55133786848072
56.67374149659864
56.916757369614515
57.15494331065759
57.39138321995465
57.63748299319728
58.11789115646258
58.35884353741496
58.587709750566894
58.710090702947845
58.8281179138322
58.95072562358277
59.07562358276644
59.310589569160996
59.42961451247166
59.55308390022676
59.79360544217687
60.03943310657596
60.27630385487528
60.50802721088435
60.62904761904762
60.75031746031746
60.871428571428574
61.00063492063492
61.35321995464852
61.47795918367347
61.95786848072562
62.19968253968254
62.42750566893424
62.55133786848072
62.669160997732426
62.788321995464855
62.91882086167801
63.39283446712018
63.63770975056689
63.8762358276644
64.11480725623582
64.23115646258503
64.35160997732426
64.59183673469387
64.83691609977325
65.07380952380953
65.31337868480726
65.6765306122449
65.79755102040816
66.15097505668935
66.27451247165533
66.6384126984127
66.75646258503401
66.9969387755102
67.47102040816327
67.71712018140589
67.95870748299319
68.18750566893424
68.30965986394558
68.43378684807256
68.67766439909298
68.90793650793651
69.0362358276644
69.15530612244898
69.51793650793651
69.63630385487528
69.86825396825397
69.9904081632653
70.1153514739229
70.47854875283447
70.59809523809524
70.83863945578231
71.3114739229025
71.55603174603175
71.79904761904761
72.02673469387756
72.14936507936508
72.27131519274377
72.38968253968254
72.5188888888889
72.75165532879818
72.99401360544218
73.35866213151927
73.47730158730158
73.83086167800454
73.95337868480726
74.31918367346938
74.43839002267573
74.67655328798186
74.9075963718821
75.15240362811791
75.39877551020408
75.63598639455782
75.75213151927437
75.87038548752834
75.98995464852608
76.11514739229025
76.35621315192743
76.5892970521542
76.71292517006803
76.83691609977325
77.19861678004536
77.31834467120181
77.67249433106576
77.7928798185941
78.03092970521541
78.15482993197278
78.27696145124716
78.51702947845806
78.99111111111111
79.24136054421768
79.4735827664399
79.59077097505669
79.70839002267574
79.83478458049886
80.06936507936508
80.19607709750566
80.6697052154195
84.52433106575964
85.23591836734694
85.48702947845806
85.72170068027211
85.95387755102041
86.19671201814059
86.44108843537416
86.68632653061225
86.91975056689343
87.15306122448979
87.40362811791383
87.63852607709751
87.88049886621314
88.11385487528345
88.35877551020408
88.60360544217687
88.8395918367347
89.07750566893424
89.32367346938776
89.56149659863945
89.79301587301588
90.0365306122449
90.2751247165533
90.52374149659865
90.7637641723356
90.99414965986395
91.24120181405895
91.48024943310658
91.71972789115647
91.95485260770975
92.19988662131519
92.44437641723356
92.91732426303855
93.16138321995464
93.4015873015873
93.64061224489797
93.87371882086168
94.11920634920635
94.3675283446712
94.60301587301588
94.8344671201814
95.08011337868481
95.32074829931973
95.56095238095239
95.79877551020408
96.03684807256236
96.2798866213152
96.51993197278911
96.75455782312925
97.00401360544218
97.24183673469388
97.47925170068027
97.71467120181406
97.95891156462585
98.20004535147392
98.439410430839
98.67510204081633
98.91936507936508
99.15859410430839
99.39950113378684
99.63598639455782
99.87759637188209
100.35442176870748
100.59403628117914
100.83632653061224
101.07195011337869
101.18979591836735
101.3149433106576
101.66678004535147
101.79065759637189
101.9117006802721
102.03489795918367
102.2768253968254
102.51179138321996
102.75378684807256
102.99746031746032
103.2363492063492
103.7190022675737
104.19519274376417
104.43349206349207
104.67167800453515
104.91222222222223
105.15773242630385
105.39417233560091
105.63269841269842
105.87462585034014
106.11517006802721
106.35442176870748
106.59548752834468
106.70727891156463
106.83183673469388
107.07485260770974
107.3122902494331
107.55775510204082
108.03702947845805
108.51392290249433
108.75498866213152
108.86666666666666
108.9912925170068
109.23063492063493
109.47444444444444
109.59102040816326
109.71408163265306
109.95476190476191
110.19544217687074
110.4328798185941
110.6750566893424
110.91616780045351
111.39555555555556
111.63632653061225
111.87489795918367
112.11353741496599
112.35498866213152
112.59517006802722
112.8361224489796
113.0728798185941
113.31081632653061
113.55426303854875
113.7953514739229
114.75437641723356
115.23482993197278
115.71818594104309
115.95687074829932
116.07015873015872
116.18814058956916
116.31126984126985
116.42755102040816
116.55167800453515
116.68283446712019
116.91383219954649
117.02829931972789
117.15587301587301
117.39163265306122
117.63705215419502
117.87587301587301
118.10886621315193
118.2298185941043
118.35124716553288
118.47074829931972
118.59922902494331
118.82954648526078
118.9526530612245
119.0773469387755
119.55866213151927
119.79907029478458
120.02725623582766
120.15036281179138
120.26698412698413
120.38913832199546
120.51619047619047
120.99349206349207
121.23526077097506
121.47786848072562
121.71349206349207
121.8312925170068
121.95501133786848
122.1948752834467
122.43607709750567
122.67190476190476
122.91548752834467
123.39770975056689
123.63945578231292
123.8697052154195
123.9902947845805
124.110589569161
124.22984126984127
124.35793650793651
124.5914739229025
124.83655328798186
125.07274376417233
125.31936507936508
125.55795918367347
125.78580498866214
125.9102947845805
126.03043083900226
126.15063492063491
126.27639455782312
126.63517006802721
126.75639455782313
126.99587301587302
127.23879818594105
127.47777777777777
127.70968253968255
127.83056689342403
127.95079365079366
128.06925170068027
128.20027210884354
128.67165532879818
128.9139455782313
129.1573469387755
129.39809523809524
129.51043083900225
129.6317006802721
129.86954648526077
129.98968253968255
130.1171201814059
130.5954195011338
131.07891156462586
131.31759637188208
131.54823129251702
131.67011337868482
131.78739229024944
131.91396825396825
132.0388888888889
132.27462585034013
132.38761904761904
132.51866213151928
132.75224489795917
132.99684807256236
133.2365306122449
133.46979591836734
133.58997732426303
133.7119954648526
133.83083900226757
133.95936507936509
134.18931972789116
134.31251700680272
134.43766439909297
134.91650793650794
135.15809523809523
135.38736961451247
135.51020408163265
135.6263038548753
135.74972789115645
135.87775510204082
136.35321995464852
136.59428571428572
136.83759637188209
137.19136054421767
137.31301587301587
137.55532879818594
137.79548752834467
138.0334693877551
138.27480725623582
138.75775510204082
138.99965986394557
139.22829931972788
139.3508843537415
139.47015873015874
139.58975056689343
139.7181179138322
139.95074829931974
140.06868480725623
140.19498866213152
140.43208616780046
140.68056689342404
140.91709750566892
141.1468253968254
141.27027210884353
141.3897052154195
141.5112925170068
141.63675736961451
141.86943310657597
141.99473922902493
142.11630385487527
142.59809523809523
142.8363492063492
143.06891156462586
143.19106575963718
143.3088888888889
143.43120181405897
143.56068027210884
144.02965986394557
144.2737641723356
144.51680272108842
144.75714285714287
144.8719501133787
144.99213151927438
145.2331292517007
145.47696145124718
145.71154195011337
145.95390022675738
146.31684807256235
146.43673469387755
146.7901133786848
146.9151700680272
147.27956916099774
147.39816326530612
147.63736961451247
148.11160997732426
148.3560544217687
148.59902494331067
148.82986394557824
148.949410430839
149.07562358276644
149.3181632653061
149.54784580498867
149.6727664399093
149.79625850340136
150.15886621315192
150.27743764172337
150.50931972789115
150.63079365079366
150.75226757369614
150.98873015873016
151.116485260771
151.238231292517
151.4779365079365
151.95231292517008
152.1984807256236
152.43580498866214
152.66784580498867
152.79009070294785
152.9111111111111
153.03047619047618
153.1612925170068
153.39315192743763
153.63766439909298
153.99927437641725
154.1177551020408
154.47238095238095
154.5927664399093
154.95673469387756
155.0772335600907
155.3161224489796
155.55124716553289
155.79172335600907
156.04133786848072
156.27621315192744
156.50739229024944
156.6308843537415
156.7528117913832
156.99698412698413
157.2289342403628
157.35492063492063
157.4750113378685
157.83791383219955
157.95734693877552
158.18460317460318
158.31115646258505
158.43421768707483
158.7958276643991
158.9169387755102
159.15827664399092
159.63086167800452
159.8769387755102
160.11176870748298
160.23195011337867
160.34884353741498
160.47668934240363
160.70943310657597
160.83714285714285
161.06829931972788
