0.03537414965986395
3.8808843537414965
4.123446712018141
4.3579138321995465
4.599954648526077
4.844671201814059
5.077414965986395
5.320022675736961
5.554195011337868
5.7949433106575965
6.041496598639456
6.275442176870748
6.5173696145124715
6.760136054421769
7.003174603174603
7.237052154195012
7.4799773242630385
7.714421768707483
7.960453514739229
8.200430839002268
8.434739229024943
8.682766439909297
8.920022675736961
9.157687074829932
9.395555555555555
9.638684807256237
9.883696145124716
10.116802721088435
10.359319727891156
10.60312925170068
10.840861678004535
11.079455782312925
11.31875283446712
11.553219954648526
11.68047619047619
11.799455782312926
12.037777777777778
12.27310657596372
12.51671201814059
12.758412698412698
12.879478458049887
13.237528344671201
13.48077097505669
13.597256235827665
13.95888888888889
14.201473922902494
14.433333333333334
14.67904761904762
14.797324263038549
15.039410430839002
15.39671201814059
15.641065759637188
15.876530612244897
16.116326530612245
16.36004535147392
16.595986394557823
16.71922902494331
17.080861678004535
17.311859410430838
17.44142857142857
17.556031746031746
17.80092970521542
18.03183673469388
18.275487528344673
18.520907029478458
18.63995464852608
18.758208616780045
18.872879818594104
18.994920634920636
19.238934240362813
19.36045351473923
19.478503401360545
19.71643990929705
19.960022675736962
20.190907029478456
20.436507936507937
20.553696145124718
20.681179138321994
20.91965986394558
21.154444444444444
21.278684807256237
21.63136054421769
21.87907029478458
22.118390022675737
22.354852607709752
22.476757369614514
22.601201814058957
23.070272108843536
23.31605442176871
23.559886621315194
23.79798185941043
24.03374149659864
24.27394557823129
24.39668934240363
24.525487528344673
24.758639455782312
24.99859410430839
25.12253968253968
25.23668934240363
25.473741496598638
25.72002267573696
25.96253968253968
26.193832199546485
26.318299319727892
26.441043083900226
26.67519274376417
26.91299319727891
27.039115646258505
27.159750566893425
27.389410430839003
27.640249433106575
27.876077097505668
28.112426303854875
28.239002267573696
28.354920634920635
28.600521541950112
28.841655328798186
28.959274376417234
29.183968253968253
29.318503401360545
29.558662131519274
29.792789115646258
30.0384126984127
30.156938775510206
30.28312925170068
30.756281179138323
30.99798185941043
31.232743764172337
31.47954648526077
31.720748299319727
31.954557823129253
32.07514739229025
32.20174603174603
32.43943310657596
32.68442176870748
32.80090702947846
32.91750566893424
33.16215419501134
33.39895691609977
33.63814058956916
33.878798185941044
33.9992970521542
34.11802721088436
34.35421768707483
34.600249433106576
34.720839002267574
34.83843537414966
35.07492063492064
35.319410430839
35.55192743764172
35.793356009070294
35.911133786848076
36.04004535147392
36.279274376417234
36.5137641723356
36.64124716553288
36.761315192743766
36.990975056689344
37.24034013605442
37.47981859410431
37.709863945578235
37.83981859410431
37.96104308390023
38.31451247165533
38.439138321995465
38.67609977324263
38.91907029478458
39.15888888888889
39.39496598639456
39.62673469387755
39.7528798185941
39.88455782312925
40.11934240362812
40.35727891156463
40.59625850340136
40.834172335600904
41.08002267573696
41.32256235827664
41.55362811791383
41.67666666666667
41.80206349206349
42.035442176870745
42.27260770975057
42.40113378684807
42.5197052154195
42.76278911564626
42.99954648526077
43.23859410430839
43.46873015873016
43.597913832199545
43.71675736961451
43.96004535147392
44.198344671201816
44.31945578231293
44.44315192743764
44.67793650793651
44.91882086167801
45.15544217687075
45.39031746031746
45.51321995464853
45.64487528344671
46.001224489795916
46.11904761904762
46.36172335600907
46.59267573696145
46.83954648526077
47.08102040816326
47.31095238095238
47.44102040816327
47.561179138322
47.79850340136054
48.03251700680272
48.15990929705215
48.27759637188208
48.52199546485261
48.759727891156466
48.99448979591837
49.229024943310655
49.36462585034013
49.48315192743764
49.71857142857143
49.96045351473923
50.082743764172335
50.198185941043086
50.43546485260771
50.679047619047616
50.91199546485261
51.15349206349207
51.270816326530614
51.4015873015873
51.63897959183674
51.87408163265306
52.00011337868481
52.12281179138322
52.35124716553288
52.59995464852608
52.83993197278912
53.07011337868481
53.20045351473923
53.320408163265306
53.67442176870748
53.80009070294785
54.03600907029478
54.279546485260774
54.518095238095235
54.75585034013606
54.98795918367347
55.11353741496599
55.24374149659864
55.47925170068027
55.717573696145124
55.95637188208617
56.1941723356009
56.44086167800454
56.682267573696144
56.914149659863945
57.036643990929704
57.16154195011338
57.396190476190476
57.63263038548753
57.760453514739226
57.87979591836735
58.12260770975057
58.35952380952381
58.59836734693877
58.82859410430839
58.95643990929705
59.07693877551021
59.32038548752834
59.5572335600907
59.67886621315193
59.80331065759637
60.038004535147394
60.27893424036281
60.51498866213152
60.75063492063492
60.87324263038549
61.004172335600906
61.35891156462585
61.47907029478458
61.722199546485264
61.95224489795918
62.1997052154195
62.44149659863945
62.67081632653061
62.79938775510204
62.92106575963719
63.15823129251701
63.392539682539685
63.52095238095238
63.637414965986395
63.882176870748296
64.120589569161
64.35480725623583
64.58922902494331
64.7240589569161
64.84020408163265
65.08052154195012
65.30791383219955
65.55557823129251
65.67244897959183
65.8008843537415
66.02684807256236
66.15333333333334
66.27151927437642
66.51362811791383
66.63274376417233
66.76224489795918
66.99074829931973
67.10455782312926
67.23789115646258
67.4782993197279
67.7249433106576
67.95537414965986
68.19022675736962
68.3114058956916
68.4302947845805
68.67696145124717
68.90714285714286
69.03496598639455
69.1565306122449
69.39936507936508
69.51439909297052
69.64267573696145
69.86963718820861
69.98705215419501
70.11387755102041
70.34904761904762
70.47467120181406
70.60380952380953
70.83337868480726
70.9521768707483
71.08022675736962
71.31734693877551
71.55428571428571
71.79848072562358
72.03167800453515
72.14988662131519
72.27285714285715
72.38839002267574
72.51764172335601
72.74875283446713
72.99215419501134
73.23433106575963
73.35619047619048
73.48421768707483
73.71002267573697
73.82807256235827
73.9571201814059
74.19061224489796
74.3149433106576
74.43984126984127
74.67643990929706
74.78850340136054
74.91802721088435
75.15315192743765
75.39909297052154
75.6414058956916
75.87346938775511
75.99061224489796
76.11421768707483
76.22988662131519
76.36251700680272
76.59138321995465
76.72072562358277
76.83843537414965
77.07850340136055
77.1957596371882
77.32510204081633
77.54829931972789
77.67074829931973
77.79013605442177
78.03263038548752
78.15204081632653
78.27968253968254
78.50854875283447
78.63267573696145
78.75848072562358
78.99634920634921
79.241179138322
79.48056689342404
79.60369614512472
79.71263038548753
79.83183673469388
79.94990929705216
80.07095238095238
80.19122448979591
80.4362358276644
80.6714058956916
84.51825396825397
84.76163265306123
85.00065759637188
85.23541950113379
85.48496598639456
85.71990929705215
85.95605442176871
86.19555555555556
86.43804988662131
86.68380952380953
86.91657596371883
87.15986394557824
87.40353741496598
87.6404081632653
87.87875283446712
88.11950113378686
88.35582766439909
88.60009070294785
88.83823129251701
89.07532879818594
89.31988662131519
89.55873015873016
89.79546485260771
90.03848072562359
90.27875283446713
90.5257596371882
90.75854875283447
90.99879818594104
91.24047619047619
91.48004535147392
91.72163265306122
91.95503401360544
92.19585034013605
92.32040816326531
92.43879818594104
92.67702947845805
92.91639455782312
93.16081632653061
93.39761904761905
93.51673469387755
93.88149659863946
94.11163265306122
94.2378231292517
94.60095238095238
94.8320634920635
95.07551020408164
95.32163265306123
95.43868480725624
95.68065759637189
96.04043083900227
96.27174603174603
96.51775510204082
96.75777777777778
96.99131519274377
97.23739229024943
97.35551020408164
97.71120181405895
97.95419501133787
98.08297052154195
98.19580498866213
98.43804988662131
98.67510204081633
98.91938775510204
99.16383219954649
99.27836734693878
99.39795918367346
99.51444444444445
99.63485260770975
99.8702947845805
99.99990929705216
100.11891156462585
100.35965986394558
100.59934240362811
100.83356009070295
101.07378684807256
101.1968253968254
101.32294784580499
101.56022675736962
101.79721088435375
101.91877551020409
102.27487528344672
102.51995464852608
102.750589569161
102.9955328798186
103.11571428571429
103.24031746031746
103.71315192743764
103.95904761904762
104.19
104.43877551020408
104.67578231292516
104.91197278911565
105.03875283446712
105.16353741496599
105.39900226757369
105.64163265306122
105.76138321995465
105.87716553287981
106.11834467120181
106.35868480725624
106.5930612244898
106.8374149659864
106.95827664399093
107.08199546485261
107.31555555555556
107.55557823129251
107.68065759637189
107.79986394557824
108.03272108843538
108.28027210884353
108.51954648526078
108.75437641723356
108.87648526077098
108.99496598639456
109.24036281179139
109.47199546485261
109.59693877551021
109.82668934240363
109.96142857142857
110.19873015873016
110.43523809523809
110.68031746031745
110.7990022675737
110.92301587301587
111.39922902494331
111.6328798185941
111.87696145124717
112.11780045351473
112.35149659863946
112.59696145124717
112.71503401360545
112.8422902494331
113.07755102040817
113.31555555555556
113.44165532879819
113.5547619047619
113.7915873015873
114.03920634920635
114.28081632653061
114.51736961451248
114.64104308390023
114.75997732426303
114.99600907029479
115.23106575963719
115.36022675736962
115.47875283446712
115.71907029478459
115.95990929705215
116.19448979591837
116.4271201814059
116.55367346938776
116.6818820861678
116.91984126984127
117.15621315192743
117.28183673469388
117.40170068027211
117.63403628117914
117.88090702947846
118.110589569161
118.35310657596372
118.47045351473923
118.59934240362811
118.95748299319727
119.07780045351474
119.31843537414966
119.54945578231292
119.79975056689342
120.03839002267574
120.26857142857143
120.39671201814059
120.52371882086167
120.7591836734694
121.00156462585034
121.23630385487529
121.47820861678005
121.71857142857142
121.95251700680272
122.19696145124716
122.31709750566894
122.4417006802721
122.67467120181406
122.91598639455782
123.03972789115646
123.16002267573697
123.39231292517007
123.6395918367347
123.88149659863946
124.111179138322
124.22836734693878
124.35850340136055
124.60111111111111
124.83145124716553
124.95795918367347
125.08378684807256
125.19718820861678
125.32197278911565
125.558820861678
125.79732426303855
126.02857142857142
126.15591836734694
126.2840589569161
126.63197278911565
126.75900226757369
126.99403628117913
127.2363492063492
127.47773242630386
127.71240362811791
127.95238095238095
128.07083900226758
128.20272108843537
128.4379365079365
128.67548752834466
128.8009977324263
128.91603174603173
129.15136054421768
129.40013605442178
129.63727891156464
129.8722902494331
130.00428571428571
130.11873015873016
130.36213151927439
130.59090702947844
130.7209977324263
130.83945578231294
131.07913832199546
131.31945578231293
131.5544671201814
131.78698412698412
131.91360544217687
132.04278911564626
132.27997732426303
132.51596371882087
132.64111111111112
132.7615873015873
132.9945351473923
133.24083900226756
133.47106575963718
133.71324263038548
133.84294784580499
133.96081632653062
134.31757369614513
134.4373015873016
134.6784807256236
134.9101133786848
135.1591156462585
135.39888888888888
135.6290476190476
135.75684807256235
135.88353741496599
136.12013605442178
136.36083900226757
136.59650793650795
136.8384126984127
137.07943310657598
137.31285714285715
137.55775510204083
137.67736961451246
137.80342403628117
138.0350566893424
138.27507936507936
138.39879818594105
138.51891156462585
138.75201814058957
139.00031746031746
139.24174603174603
139.47102040816327
139.58836734693878
139.71814058956917
139.9609977324263
140.19122448979593
140.31854875283446
140.44544217687076
140.681179138322
140.9189342403628
141.15759637188208
141.38931972789115
141.5158276643991
141.64385487528344
141.99226757369615
142.11814058956915
142.3536507936508
142.59639455782312
142.83755102040817
143.07195011337868
143.31315192743764
143.43068027210884
143.56195011337869
143.79807256235827
144.03526077097504
144.16140589569162
144.27671201814059
144.51122448979592
144.7607709750567
144.997641723356
145.23242630385488
145.36424036281178
145.48027210884354
145.72149659863945
145.9498866213152
146.197641723356
146.31401360544217
146.44208616780045
146.6688888888889
146.7868934240363
146.91414965986394
147.1501133786848
147.27521541950114
147.40390022675737
147.63342403628118
147.74678004535147
147.87979591836734
148.11419501133787
148.36111111111111
148.59820861678006
148.83113378684808
148.94961451247167
149.07294784580498
149.3197732426304
149.54879818594105
149.67827664399093
149.79814058956916
150.03950113378684
150.15566893424037
150.28410430839003
150.5107029478458
150.62818594104309
150.75498866213152
150.98979591836735
151.1169387755102
151.24607709750566
151.47351473922902
151.59385487528345
151.71750566893425
151.95315192743763
152.19825396825397
152.4375283446712
152.67315192743763
152.78918367346938
152.90995464852608
153.0300680272109
153.16142857142856
153.39131519274378
153.63489795918366
153.87367346938777
153.9948752834467
154.12181405895691
154.3484126984127
154.47068027210884
154.59031746031746
154.8332879818594
154.9537641723356
155.080589569161
155.3102267573696
155.55700680272108
155.79614512471656
156.0416326530612
156.2780045351474
156.51256235827665
156.63172335600908
156.74859410430838
157.0051247165533
157.23344671201815
157.35337868480727
157.478231292517
157.71866213151927
157.83353741496597
157.9621768707483
158.18802721088434
158.31349206349208
158.43120181405897
158.67269841269842
158.7922902494331
158.9210657596372
159.15065759637187
159.27086167800454
159.39888888888888
159.63986394557824
159.8715873015873
160.1173469387755
160.24104308390022
160.3495918367347
160.47401360544217
160.59151927437642
160.71009070294784
160.83426303854876
161.07630385487528
