0.0
0.254421768707483
0.497437641723356
0.7549433106575963
0.9973242630385487
1.1206349206349207
1.2528344671201814
1.4956689342403628
1.7541950113378684
1.996485260770975
2.123922902494331
2.2517233560090704
2.4943990929705215
2.7554648526077097
2.9970521541950115
3.1215192743764173
3.2523809523809524
3.4994104308390024
3.7558503401360546
3.9988662131519273
4.125827664399093
4.259795918367347
4.502154195011338
4.759387755102041
5.002834467120182
5.125192743764172
5.25843537414966
5.5009750566893425
5.758571428571429
6.00124716553288
6.373151927437641
6.502517006802721
6.749569160997733
6.873106575963718
7.01156462585034
7.256485260770975
7.5114965986394555
7.754875283446712
