28.720287
43.087444
86.21701
88200.0
401.11417
397.56357
396.81775
396.26633
395.42432
395.2553
394.9901
394.79657
394.4551
394.39066
394.32947
394.26645
394.25388
394.27505
394.2941
394.296
394.33115
394.2691
394.25317
394.22086
394.14297
394.13513
394.08755
394.1211
394.15945
394.16748
394.18317
394.14255
394.12384
394.0764
394.0659
394.0387
393.99512
393.9704
393.9331
393.92282
393.86923
393.8709
393.8148
393.78525
393.74466
393.69278
393.66592
393.59103
393.57996
393.5483
393.52386
393.52286
393.50586
393.5169
393.5292
393.50476
393.49158
393.4604
393.4381
393.4296
393.43463
88200.0
400.92584
398.0519
396.8038
396.3454
395.4637
395.15976
395.02222
394.7535
394.49332
394.38828
394.307
394.27502
394.21854
394.286
394.26416
394.3037
394.33405
394.25424
394.26605
394.21335
394.16223
394.12134
394.09293
394.10403
394.13696
394.16278
394.16483
394.1639
394.13318
394.0852
394.06583
394.02386
393.98276
393.96036
393.9306
393.91373
393.89218
393.8895
393.82422
393.79614
393.72577
393.67487
393.63403
393.57733
393.5905
393.56967
393.55432
393.52792
393.50833
393.48575
393.49835
393.4911
393.47623
393.47845
393.4565
393.44675
393.44617
402.82602
401.34097
397.97495
396.81378
396.33652
395.50552
395.29242
395.0281
394.8599
394.51215
394.32687
394.33835
394.24588
394.2649
394.27325
394.25278
394.3087
394.3034
394.2824
394.2601
394.21283
394.15903
394.1081
394.093
394.10416
394.14746
394.15536
394.18015
394.1523
394.1138
394.09766
394.0563
394.03958
394.00235
393.96213
393.93417
393.92053
393.9045
393.86856
393.83163
393.77982
393.72784
393.69678
393.64276
393.61224
393.58466
393.5658
393.53232
393.51523
393.50626
393.48535
393.52322
393.49918
393.4963
393.48077
393.43335
393.43304
393.4227
398.35364
401.05984
398.0238
396.94772
396.34222
395.65994
395.3013
395.03784
394.91495
394.48016
394.32864
394.31784
394.22223
394.24268
394.2843
394.26593
394.2898
394.33698
394.2677
394.24734
394.2097
394.1584
394.1103
394.09573
394.1139
394.13718
394.15445
394.1774
394.13455
394.13147
394.1039
394.06003
394.04712
393.99527
393.9594
393.9408
393.92282
393.88785
393.8759
393.8382
393.79315
393.7522
393.68817
393.6509
393.59518
393.5724
393.56927
393.5417
393.53403
393.5144
393.49762
393.50314
393.49106
393.48666
393.45654
393.45102
393.45352
393.44376
393.4547
563.1941
556.8569
557.32983
556.8988
556.49347
557.27405
556.9842
557.2034
556.86774
556.36475
556.0851
556.0701
555.9713
556.10364
556.1773
556.06396
556.05664
556.0785
556.01605
556.0664
556.0221
555.99176
556.0536
556.0284
556.0376
556.0434
556.0542
556.04395
556.04156
556.048
556.0436
556.06976
556.0746
556.10596
556.10376
556.0986
556.1019
556.0787
556.0856
556.1083
556.1289
556.1534
556.1614
556.1557
556.13525
556.1442
556.1393
556.15
556.14496
556.17236
556.1738
556.186
556.17975
556.18414
556.1902
556.1921
556.218
556.24585
563.07135
556.6538
557.31134
556.99194
556.5383
557.3534
556.99634
557.14355
556.9151
556.4534
556.2034
556.1051
555.993
556.0894
556.15137
556.05945
556.0412
556.06116
556.02356
556.0813
556.0337
556.0216
556.06226
556.0273
556.02655
556.0311
556.0478
556.04395
556.0552
556.0556
556.0518
556.0786
556.07104
556.08966
556.1012
556.0709
556.0932
556.0793
556.0947
556.13074
556.14276
556.14935
556.148
556.13983
556.1406
556.1439
556.15076
556.1648
556.1605
556.167
556.1678
556.1567
556.17194
556.17816
556.2074
556.21643
556.22253
556.2519
562.9996
556.7236
557.1816
557.05994
556.69794
557.3485
557.0742
557.0771
556.87964
556.4561
556.24194
556.11224
556.005
556.06744
556.1498
556.05725
556.03503
556.0575
556.0072
556.08765
556.03613
556.009
556.0669
556.0262
556.0224
556.038
556.03845
556.0507
556.0536
556.051
556.0564
556.0711
556.07587
556.09906
556.10095
556.08075
556.0967
556.0964
556.0862
556.1151
556.135
556.1359
556.1622
556.1591
556.1415
556.1543
556.15686
556.1581
556.15247
556.16394
556.1656
556.1644
556.17975
556.1832
556.20935
556.2267
556.2314
556.249
562.79877
557.07367
556.99304
557.1145
556.7093
557.17584
557.21826
557.0068
556.96844
556.53107
556.2644
556.1444
556.00977
556.0584
556.1056
556.0664
556.0447
556.0686
556.0369
556.08154
556.0366
556.0113
556.0575
556.03687
556.0186
556.0488
556.0427
556.04926
556.06104
556.0398
556.05096
556.0676
556.0671
556.0998
556.1191
556.09515
556.1104
556.08704
556.0809
556.0939
556.1081
556.1355
556.16437
556.1658
556.15753
556.1499
556.1519
556.14374
556.1494
556.1649
556.1621
556.1521
556.17834
556.17584
556.2189
556.22455
556.23285
556.24365
750.5966
748.3319
746.6103
746.8286
746.2204
746.3433
746.6846
745.8807
746.049
745.3318
745.0389
745.3291
745.0573
744.8512
744.7589
745.05707
745.14465
744.9803
744.94403
744.68134
744.7381
744.73663
744.6097
744.65155
744.43054
744.38324
744.3605
744.3055
744.2802
744.35754
744.342
744.2494
744.231
744.26843
744.20496
744.15155
744.12915
744.1047
743.99774
744.03217
743.9992
743.9124
743.89703
743.90155
744.0087
744.0628
744.081
744.0107
743.9817
0.0
0.0
0.0
0.0
0.0
743.84784
743.85077
743.9742
743.937
746.81836
749.49414
746.322
746.86865
746.58496
746.2395
746.68805
746.0074
745.8863
745.31506
745.3501
745.20294
745.09265
744.8972
744.76874
744.9717
745.0805
744.961
744.94507
744.7639
744.7695
744.7296
744.6393
744.6931
744.44165
744.39014
744.3555
744.3186
744.2752
744.3015
744.34656
744.235
744.23334
744.2929
744.21796
744.1521
744.1418
744.1431
744.0091
744.0189
743.9868
743.9207
743.9033
743.8998
744.00354
744.0359
744.07416
744.04333
743.99634
0.0
0.0
0.0
0.0
0.0
743.8642
743.87573
743.939
743.9213
756.27875
750.1359
746.3863
746.562
746.45166
746.3315
746.6394
746.3002
745.8833
745.07007
745.3895
745.17126
745.13794
745.0182
744.7742
744.92865
745.15985
744.96826
745.0002
744.7632
744.716
744.70715
744.6523
744.7899
744.47974
744.3918
744.358
744.3323
744.27594
744.2906
744.34015
744.24976
744.2346
744.2862
744.21124
744.14075
744.12976
744.1495
744.01764
744.01904
743.9993
743.93896
743.9113
743.8995
743.9857
744.02905
744.07306
744.0382
744.00366
0.0
0.0
0.0
0.0
0.0
743.87885
743.87445
743.9361
743.9384
747.9572
751.5669
746.6066
746.5276
746.41095
746.1188
746.58655
746.4707
746.0234
745.0749
745.33215
745.0229
745.30914
745.0761
744.7357
744.8837
745.0765
745.0867
745.0775
744.72845
744.6388
744.6206
744.6015
744.76715
744.53284
744.37286
744.41565
744.36914
744.2979
744.29456
744.3291
744.2846
744.1812
744.29083
744.21814
744.1149
744.115
744.14844
744.0321
744.03235
744.0033
743.9382
743.9233
743.9282
743.97125
744.0181
744.0815
744.0308
744.00104
0.0
0.0
0.0
0.0
0.0
743.8786
743.87
743.9174
743.95593
88200.0
264.49246
264.44608
264.37747
264.2201
263.95172
263.756
263.62866
263.6385
263.76813
263.7909
263.78558
263.63373
263.56116
263.51303
263.40292
263.2872
263.2273
263.128
263.0852
263.04526
262.97803
262.92294
262.79642
262.75778
262.71274
262.66483
262.6401
262.57016
262.55057
262.5272
262.5074
262.47873
262.43158
262.39996
262.4007
262.3822
262.3694
262.34573
262.31992
262.3271
262.30978
262.28598
262.2649
262.26218
262.26517
262.2528
262.25967
262.2251
262.1945
262.1937
262.17084
262.16092
262.14432
262.1236
262.13107
262.1202
262.07764
88200.0
264.64212
264.32794
264.2906
264.22913
263.91943
263.7977
263.68164
263.62283
263.82553
263.849
263.8231
263.7059
263.51715
263.46014
263.39093
263.2566
263.2405
263.15344
263.09137
263.03162
262.96375
262.91556
262.81314
262.75558
262.701
262.6671
262.6435
262.59375
262.5543
262.5295
262.50546
262.48682
262.4586
262.41016
262.42197
262.39938
262.36816
262.35056
262.2897
262.29404
262.2776
262.2864
262.278
262.26587
262.27322
262.2654
262.26862
262.26416
262.21158
262.19543
262.19617
262.18054
262.15585
262.13477
262.10043
262.08508
262.06653
88200.0
264.8205
264.27206
264.24915
264.1757
263.87158
263.826
263.70697
263.6666
263.81903
263.8333
263.83142
263.7414
263.6033
263.53317
263.4252
263.2385
263.19946
263.1145
263.06238
263.0308
262.9434
262.92694
262.82538
262.776
262.7086
262.64734
262.63452
262.58813
262.56662
262.53104
262.5082
262.5023
262.46988
262.43527
262.4112
262.38214
262.35886
262.34128
262.32553
262.3086
262.29758
262.29355
262.26624
262.2605
262.22757
262.23706
262.2508
262.25748
262.23044
262.2105
262.20166
262.19165
262.16864
262.14752
262.12335
262.10117
262.06766
88200.0
264.39062
264.36343
264.2867
264.08206
263.92245
263.7964
263.7084
263.65967
263.854
263.80493
263.77814
263.72403
263.61252
263.55304
263.46786
263.2452
263.2006
263.15356
263.0922
263.0823
262.96674
262.89725
262.81793
262.74286
262.68716
262.64276
262.61176
262.58682
262.57962
262.5366
262.5159
262.4871
262.47235
262.44736
262.423
262.39816
262.35803
262.3489
262.3331
262.32074
262.282
262.2579
262.2444
262.2538
262.2783
262.26733
262.27393
262.26202
262.19968
262.19943
262.17892
262.1593
262.15344
262.13858
262.13345
262.11417
262.083
88200.0
354.6369
354.29517
354.2861
354.2814
354.05548
353.9651
353.61267
353.21054
353.15918
353.01755
353.03415
352.99725
352.75803
352.62714
352.39175
352.09082
351.94876
351.77853
351.6689
351.60468
351.52368
351.4786
351.41464
351.39493
351.33878
351.32535
351.33676
351.28885
351.26715
351.22458
351.18515
351.17194
351.1289
351.10544
351.11078
351.0892
351.0721
351.05603
351.0364
351.03577
351.0455
351.04108
351.0255
351.00342
350.99457
350.9884
350.98764
350.9952
350.99704
350.97955
350.96948
350.96884
350.97357
351.01187
351.03317
351.02142
351.02856
367.15894
354.63638
354.2643
354.36282
354.38217
354.1868
354.13358
353.66074
353.2321
353.1497
353.00882
353.01163
353.02084
352.8309
352.622
352.44186
352.13998
351.94315
351.80658
351.68866
351.62625
351.54272
351.51007
351.4672
351.43173
351.37506
351.35092
351.3155
351.28372
351.2762
351.2173
351.187
351.1711
351.11145
351.1118
351.08807
351.06375
351.05457
351.0526
351.0469
351.03223
351.01636
351.02206
351.02402
351.01712
351.0391
351.00836
351.00455
351.01007
351.01053
351.00595
350.99866
351.00006
350.99475
350.9957
351.01077
351.01556
351.0255
354.21872
596.59906
594.429
593.71857
594.16486
593.14264
593.67126
593.6901
593.19165
593.8466
592.6762
592.9565
592.191
591.96497
591.7392
591.3858
591.157
590.75146
590.8684
590.2783
590.1904
590.23615
590.04785
590.156
590.17194
589.9168
589.7534
589.7942
589.7489
589.7034
589.6791
589.5165
589.41095
589.34326
589.2897
589.17444
589.1325
589.071
589.0302
589.1203
589.087
589.1285
589.1834
589.2798
589.2914
589.288
589.26385
589.2573
589.3029
589.28436
589.20306
589.1545
589.1282
589.0795
589.0243
589.04144
589.08685
589.0962
589.21375
400.0574
354.20926
354.34814
354.35452
354.31415
354.13257
353.65286
353.30737
353.10272
352.99683
352.96536
352.9633
352.84198
352.64847
352.50372
352.1946
351.9488
351.84573
351.7168
351.64185
351.5636
351.47455
351.45316
351.4155
351.3413
351.3633
351.33408
351.3062
351.28195
351.22272
351.18457
351.17258
351.11572
351.1074
351.08582
351.05792
351.0539
351.06436
351.06055
351.04877
351.03412
351.0284
351.0242
351.0177
351.0112
351.00623
351.0067
351.00757
351.0079
350.9909
351.0047
351.0125
351.0116
351.0163
351.0152
351.01227
351.021
351.03406
401.24756
398.45255
396.96124
396.50024
395.7256
395.35043
395.04865
394.83868
394.56793
394.31155
394.38513
394.2425
394.2457
394.2926
394.25568
394.33594
394.3177
394.2801
394.24445
394.2054
394.17514
394.10403
394.10458
394.11032
394.14508
394.15335
394.17514
394.15094
394.11856
394.10712
394.06967
394.043
394.02368
393.97122
393.9533
393.93378
393.9136
393.86575
393.8443
393.79132
393.74612
393.70474
393.67334
393.62045
393.59476
393.57352
393.53812
393.5202
393.518
393.48972
393.52902
393.50638
393.5051
393.4809
393.43314
393.44012
393.42996
393.4468
401.67377
398.48035
396.8922
396.5061
395.73764
395.37292
395.17203
394.82596
394.62634
394.31125
394.37683
394.26138
394.2486
394.2697
394.2649
394.34427
394.31973
394.27664
394.22906
394.224
394.1594
394.11435
394.10608
394.11618
394.13058
394.15207
394.17545
394.135
394.1414
394.11752
394.06677
394.05283
394.00198
393.9644
393.93973
393.92294
393.8963
393.8829
393.85507
393.80518
393.7701
393.68726
393.65915
393.60303
393.57013
393.58383
393.55292
393.54425
393.5187
393.4944
393.49838
393.48657
393.49078
393.4593
393.45532
393.45395
393.44156
393.45642
401.4676
399.01114
396.97864
396.51788
395.81378
395.3542
395.1714
394.84735
394.6101
394.29977
394.36493
394.2732
394.2634
394.29437
394.27283
394.32382
394.33307
394.2502
394.2431
394.20993
394.1556
394.11508
394.11166
394.11566
394.12967
394.16626
394.17267
394.15823
394.14163
394.09695
394.07465
394.03546
394.00043
393.98938
393.9488
393.92773
393.91516
393.88837
393.8272
393.81723
393.7505
393.68127
393.6848
393.61475
393.59448
393.5907
393.55066
393.5146
393.50076
393.4915
393.49988
393.5105
393.4986
393.4937
393.46103
393.43356
393.43146
393.42523
401.91565
398.92294
396.95532
396.58426
395.8483
395.45422
395.19104
394.85425
394.66214
394.28653
394.36896
394.27097
394.24933
394.27716
394.2865
394.3353
394.29672
394.27576
394.24973
394.21066
394.17123
394.098
394.12152
394.11246
394.13748
394.1637
394.16293
394.15872
394.11774
394.11276
394.07062
394.04367
394.02347
393.98126
393.94583
393.93304
393.91327
393.87115
393.84863
393.8244
393.7494
393.70847
393.66818
393.61444
393.58566
393.57016
393.55368
393.52554
393.52365
393.49902
393.5149
393.48764
393.4919
393.47824
393.4399
393.4502
393.4423
393.4419
347.8568
199.57463
199.34447
199.13399
199.07373
198.70505
198.6563
198.59755
198.52522
198.5193
198.3668
198.32419
198.24669
198.17706
198.15654
198.11781
198.17001
198.14006
198.08849
198.04086
198.0505
197.9611
197.9529
197.92488
197.86581
197.86714
412.1223
417.64212
414.67514
414.83725
412.86758
406.83487
409.3254
400.67297
416.14716
409.32565
405.09467
413.41864
397.52954
402.2421
405.09216
411.48285
402.44754
397.6109
404.23416
398.71478
399.92053
401.92804
408.27078
400.7597
396.72638
402.46576
397.64233
396.30225
400.49835
404.2577
399.45096
398.25137
346.2649
199.62265
199.34158
199.11998
199.06813
198.70543
198.63599
198.60512
198.49127
198.51524
198.3801
198.30333
198.30533
198.16306
198.14542
198.13417
198.13907
198.1349
198.12231
198.06206
198.02867
197.9826
197.91069
197.90253
197.87502
422.58774
420.12204
418.17343
390.43622
407.60184
395.93726
416.76447
412.50928
414.05066
415.3858
394.04364
400.7288
403.52805
414.28125
404.17877
405.79755
409.0657
397.4711
402.376
401.80664
409.72208
402.1495
395.5918
403.66913
397.56955
397.44302
401.46664
406.4208
400.16354
398.7039
381.20572
199.43414
199.27228
199.078
198.82095
198.68758
198.6041
198.52063
198.52129
198.44391
198.32706
198.28923
198.2132
198.15952
198.15495
198.12863
198.16812
198.13805
198.07349
198.07758
198.01378
197.93787
197.91833
197.8876
421.6526
419.37952
416.9721
403.27832
406.31183
401.58005
414.55838
411.83377
412.8369
414.29767
397.3756
399.62326
401.60156
414.03607
404.26022
406.4521
409.81693
397.27472
401.78595
401.93823
409.4928
402.6716
395.4607
402.94034
397.89957
397.1774
401.8029
406.3475
399.85516
397.60126
400.75394
397.08414
395.4419
399.12778
402.82144
398.71445
398.1242
88199.98
421.30392
199.3125
199.1293
198.87679
198.7489
198.59863
198.54126
198.53688
198.44456
198.39835
198.31674
198.25635
198.22385
198.11285
198.12166
198.15973
198.07974
198.12236
198.08249
198.01736
197.9867
197.93048
197.89796
197.87811
197.84851
420.0755
417.0587
412.13965
395.2834
406.94452
393.5674
416.7578
412.9501
409.22357
413.60638
394.44864
399.38834
404.1601
412.25507
404.58813
403.3693
406.41306
397.4113
401.5677
402.2665
409.38675
401.97168
394.75772
402.49472
395.72946
397.84784
401.43637
406.21347
400.00836
396.25247
399.7927
396.5459
88200.0
203.5076
201.46559
93.40628
96.65216
93.495674
88.32723
88.30365
88.28742
93.44791
93.52151
93.59898
93.59268
88.25163
88.27095
88.24915
88.24862
88.22517
88.20399
88.202705
203.34482
88.19696
88.18684
88.172615
88.16422
88.16647
88.16494
88.15003
88.15041
88.14923
88.155975
88.16382
88.170235
88.16552
88.16794
88.175995
88.18598
88.18736
88.20279
88.201256
88.191696
88.1784
88.156624
88.147835
88.14801
88.153595
88.13933
88.13975
88.1197
88.097694
88.08839
88.06061
88.05006
88.05478
111.43557
111.45789
111.397415
111.29458
88200.0
88.5235
96.66817
96.674835
96.69235
96.4723
93.58581
93.56567
177.04738
93.485344
93.55767
93.57534
93.59593
93.6168
93.58241
93.50163
88.2603
93.19764
92.93019
88.23136
88.19291
88.20002
88.17513
88.1747
88.1741
88.174904
88.17128
88.1469
88.15262
88.13845
88.15216
88.177055
88.17797
88.19179
88.189285
88.18072
88.19163
88.19161
88.21024
88.20293
88.20451
88.19022
88.16811
88.163956
88.1464
88.14813
88.138374
88.13883
88.13016
88.10436
88.09733
88.06405
88.057365
88.05091
88.04175
88.041954
88.03693
88.03356
88200.0
473.09814
469.84454
469.61652
469.5749
469.33224
469.7672
470.0167
470.0133
469.5861
469.62326
469.28104
468.77713
468.93304
468.67343
468.6299
468.90176
468.7681
468.75458
468.75787
468.64398
468.84702
468.6617
468.7309
468.79227
468.67258
468.7683
468.73535
468.73706
468.67676
468.75363
468.73877
468.6957
468.78247
468.74844
468.75705
468.7797
468.76956
468.79865
468.7118
468.84464
468.80182
468.7037
468.96143
468.7102
468.84238
468.84906
468.70633
468.88434
468.83664
468.7794
468.96014
468.87
468.70715
469.05228
468.80252
468.6783
469.21152
508.0967
474.6514
469.3033
469.60684
469.70175
469.0883
470.02182
470.0392
469.81427
469.81754
469.52063
469.1447
468.9979
468.84195
468.68658
468.73434
468.79456
468.8363
468.7407
468.71176
468.74973
468.77197
468.72723
468.7476
468.72562
468.69537
468.74588
468.7282
468.7195
468.7184
468.73508
468.72702
468.74197
468.7459
468.72885
468.75296
468.75278
468.7643
468.7712
468.77618
468.77386
468.7886
468.77206
468.79926
468.79843
468.78516
468.80374
468.79578
468.7883
468.8136
468.81763
468.82477
468.8391
468.8553
468.8419
468.82858
468.84946
468.81558
468.84067
468.85583
468.82593
468.8496
0.0
0.0
0.0
0.0
0.0
0.0
0.0
0.0
0.0
0.0
0.0
0.0
0.0
0.0
0.0
0.0
0.0
0.0
0.0
0.0
0.0
0.0
0.0
0.0
0.0
0.0
0.0
0.0
0.0
0.0
0.0
0.0
0.0
0.0
0.0
0.0
0.0
0.0
0.0
0.0
0.0
0.0
0.0
0.0
0.0
0.0
0.0
0.0
0.0
0.0
0.0
0.0
0.0
0.0
0.0
0.0
0.0
0.0
468.95654
